<?xml version="1.0"?>
<opencv_storage>
<numObjects>6</numObjects>
<id0>0</id0>
<x0>870</x0>
<y0>636</y0>
<dir0>0</dir0>
<id1>4</id1>
<x1>681</x1>
<y1>234</y1>
<dir1>-1</dir1>
<id2>5</id2>
<x2>1087</x2>
<y2>407</y2>
<dir2>-1</dir2>
<id3>1</id3>
<x3>624</x3>
<y3>522</y3>
<dir3>1</dir3>
<id4>3</id4>
<x4>1364</x4>
<y4>466</y4>
<dir4>-1</dir4>
<id5>2</id5>
<x5>1048</x5>
<y5>629</y5>
<dir5>1</dir5>
</opencv_storage>
